-3.1182602691474613e-13
-7.8170067434771091e-13
-1.4032943574087375e-12
-2.3177284290361603e-12
-3.7699523352956823e-12
-6.2086675843175339e-12
-1.0496521174783946e-11
-1.8356754705747089e-11
-3.3354492031549297e-11
-6.3125168190610817e-11
-1.2459508876452791e-10
-2.5659930820929387e-10
-5.5133701849675448e-10
-1.2352192119068916e-09
-2.8829843189130199e-09
-7.0015462886699315e-09
-1.76675647868606e-08
-4.6246352234461217e-08
-1.2534364549093524e-07
-3.5106026361665541e-07
-1.0138450491750323e-06
-3.0119520227155027e-06
-9.1809991261431853e-06
-2.8631349397851459e-05
-9.1041534711349482e-05
-0.0002939422822398715
-0.000958161439963227
-0.0031265265406943046
-0.01006911770430546
-0.031207130652382849
-0.088888029728424578
-0.21548990876673102
-0.40371516246779365
-0.54301135583707816
-0.47757419735697398
-0.28847036092848705
-0.17813674131903018
-0.14661177338830256
-0.1329233073773527
-0.12311410016241869
-0.11349394140553036
-0.10442531325024026
-0.096487407067104139
-0.090358150677407281
-0.084762958264830324
-0.07951967746343172
-0.074986884438536461
-0.070622682904023792
-0.066021347839667566
-0.061367143791002672
-0.056784396581304984
-0.052286138963131897
-0.047881404283949491
-0.04357359172653133
-0.03934655529857041
-0.035170221210740787
-0.031021675053221103
-0.026896830344781315
-0.022803511736156808
-0.018749931223343994
-0.014739439030380495
-0.010770212810494749
-0.0068362343345910338
-0.0029322584939003166
